.i 7
.o 10
.ilb v0 v1 v2 v3 v4 v5 v6
.ob v7.0 v7.1 v7.2 v7.3 v7.4 v7.5 v7.6 v7.7 v7.8 v7.9
.p 576
1111111 1000000000
1101111 1000000000
1110111 1000000000
1100111 1000000000
1111011 1000000000
1101011 1000000000
1110011 1000000000
1111101 1000000000
1101101 1000000000
1110101 1000000000
1111001 1000000000
1101001 1000000000
1110001 1000000000
1111110 1000000000
1101110 1000000000
1110110 1000000000
1111010 1000000000
1101010 1000000000
1110010 1000000000
1111100 1000000000
1101100 1000000000
1110100 1000000000
1111000 1000000000
1101000 1000000000
1110000 1000000000
0111111 0100000000
1011111 0100000000
1001111 0100000000
0110111 0100000000
1010111 0100000000
1000111 0100000000
0111011 0100000000
1011011 0100000000
1001011 0100000000
0110011 0100000000
1010011 0100000000
1100011 0100000000
1000011 0100000000
0111101 0100000000
1011101 0100000000
1001101 0100000000
0110101 0100000000
1010101 0100000000
1100101 0100000000
1000101 0100000000
0111001 0100000000
1011001 0100000000
1001001 0100000000
1010001 0100000000
1100001 0100000000
1000001 0100000000
0111110 0100000000
1011110 0100000000
1001110 0100000000
0110110 0100000000
1010110 0100000000
1100110 0100000000
1000110 0100000000
0111010 0100000000
1011010 0100000000
1001010 0100000000
1010010 0100000000
1100010 0100000000
1000010 0100000000
0111100 0100000000
1011100 0100000000
1001100 0100000000
0110100 0100000000
1010100 0100000000
1100100 0100000000
1000100 0100000000
0111000 0100000000
1011000 0100000000
1001000 0100000000
1010000 0100000000
1100000 0100000000
1000000 0100000000
1011111 0010000000
0011111 0010000000
0101111 0010000000
1001111 0010000000
1010111 0010000000
0100111 0010000000
1011011 0010000000
0011011 0010000000
0101011 0010000000
1010011 0010000000
1100011 0010000000
0100011 0010000000
1011101 0010000000
0011101 0010000000
0101101 0010000000
1001101 0010000000
1010101 0010000000
1100101 0010000000
0100101 0010000000
1011001 0010000000
0101001 0010000000
0110001 0010000000
1010001 0010000000
1100001 0010000000
0100001 0010000000
1011110 0010000000
0011110 0010000000
0101110 0010000000
1001110 0010000000
1010110 0010000000
1100110 0010000000
0100110 0010000000
1011010 0010000000
0011010 0010000000
0101010 0010000000
0110010 0010000000
1010010 0010000000
1100010 0010000000
0100010 0010000000
1011100 0010000000
0011100 0010000000
0101100 0010000000
1010100 0010000000
1100100 0010000000
0100100 0010000000
1011000 0010000000
0101000 0010000000
0110000 0010000000
1010000 0010000000
1100000 0010000000
0100000 0010000000
1111111 0001000000
1011111 0001000000
0101111 0001000000
0001111 0001000000
1110111 0001000000
0010111 0001000000
0100111 0001000000
1000111 0001000000
1111011 0001000000
1011011 0001000000
0101011 0001000000
1001011 0001000000
1110011 0001000000
0010011 0001000000
1100011 0001000000
1000011 0001000000
1111101 0001000000
1011101 0001000000
0101101 0001000000
0001101 0001000000
1110101 0001000000
0010101 0001000000
1100101 0001000000
1000101 0001000000
1111001 0001000000
0011001 0001000000
0101001 0001000000
1001001 0001000000
0110001 0001000000
0010001 0001000000
1100001 0001000000
1000001 0001000000
1111110 0001000000
1011110 0001000000
0101110 0001000000
0001110 0001000000
1110110 0001000000
0010110 0001000000
1100110 0001000000
1000110 0001000000
1111010 0001000000
1011010 0001000000
0101010 0001000000
1001010 0001000000
0110010 0001000000
0010010 0001000000
1100010 0001000000
1000010 0001000000
1111100 0001000000
1011100 0001000000
0101100 0001000000
1001100 0001000000
1110100 0001000000
0010100 0001000000
1100100 0001000000
1000100 0001000000
1111000 0001000000
0011000 0001000000
0101000 0001000000
1001000 0001000000
0110000 0001000000
0010000 0001000000
1100000 0001000000
1000000 0001000000
1111111 0000100000
0111111 0000100000
1101111 0000100000
0101111 0000100000
1010111 0000100000
0010111 0000100000
1000111 0000100000
0000111 0000100000
1111011 0000100000
0111011 0000100000
1001011 0000100000
0001011 0000100000
1010011 0000100000
0010011 0000100000
1100011 0000100000
0100011 0000100000
1111101 0000100000
0111101 0000100000
1101101 0000100000
0101101 0000100000
1010101 0000100000
0010101 0000100000
1100101 0000100000
0100101 0000100000
1011001 0000100000
0011001 0000100000
1001001 0000100000
0001001 0000100000
1110001 0000100000
0110001 0000100000
1100001 0000100000
0100001 0000100000
1111110 0000100000
0111110 0000100000
1101110 0000100000
0101110 0000100000
1010110 0000100000
0010110 0000100000
1100110 0000100000
0100110 0000100000
1111010 0000100000
0111010 0000100000
1001010 0000100000
0001010 0000100000
1110010 0000100000
0110010 0000100000
1100010 0000100000
0100010 0000100000
1111100 0000100000
0111100 0000100000
1001100 0000100000
0001100 0000100000
1010100 0000100000
0010100 0000100000
1100100 0000100000
0100100 0000100000
1011000 0000100000
0011000 0000100000
1001000 0000100000
0001000 0000100000
1110000 0000100000
0110000 0000100000
1100000 0000100000
0100000 0000100000
1111111 0000010000
0111111 0000010000
1011111 0000010000
0011111 0000010000
1110111 0000010000
0110111 0000010000
1010111 0000010000
0010111 0000010000
1101011 0000010000
0101011 0000010000
1001011 0000010000
0001011 0000010000
1100011 0000010000
0100011 0000010000
1000011 0000010000
0000011 0000010000
1111101 0000010000
0111101 0000010000
1011101 0000010000
0011101 0000010000
1100101 0000010000
0100101 0000010000
1000101 0000010000
0000101 0000010000
1111001 0000010000
0111001 0000010000
1011001 0000010000
0011001 0000010000
1110001 0000010000
0110001 0000010000
1010001 0000010000
0010001 0000010000
1111110 0000010000
0111110 0000010000
1011110 0000010000
0011110 0000010000
1100110 0000010000
0100110 0000010000
1000110 0000010000
0000110 0000010000
1101010 0000010000
0101010 0000010000
1001010 0000010000
0001010 0000010000
1110010 0000010000
0110010 0000010000
1010010 0000010000
0010010 0000010000
1101100 0000010000
0101100 0000010000
1001100 0000010000
0001100 0000010000
1100100 0000010000
0100100 0000010000
1000100 0000010000
0000100 0000010000
1111000 0000010000
0111000 0000010000
1011000 0000010000
0011000 0000010000
1110000 0000010000
0110000 0000010000
1010000 0000010000
0010000 0000010000
1111111 0000001000
0111111 0000001000
1011111 0000001000
0011111 0000001000
1101111 0000001000
0101111 0000001000
1001111 0000001000
0001111 0000001000
1111011 0000001000
0111011 0000001000
1011011 0000001000
0011011 0000001000
1101011 0000001000
0101011 0000001000
1001011 0000001000
0001011 0000001000
1110101 0000001000
0110101 0000001000
1010101 0000001000
0010101 0000001000
1100101 0000001000
0100101 0000001000
1000101 0000001000
0000101 0000001000
1111001 0000001000
0111001 0000001000
1011001 0000001000
0011001 0000001000
1101001 0000001000
0101001 0000001000
1001001 0000001000
0001001 0000001000
1110110 0000001000
0110110 0000001000
1010110 0000001000
0010110 0000001000
1100110 0000001000
0100110 0000001000
1000110 0000001000
0000110 0000001000
1110010 0000001000
0110010 0000001000
1010010 0000001000
0010010 0000001000
1100010 0000001000
0100010 0000001000
1000010 0000001000
0000010 0000001000
1111100 0000001000
0111100 0000001000
1011100 0000001000
0011100 0000001000
1101100 0000001000
0101100 0000001000
1001100 0000001000
0001100 0000001000
1111000 0000001000
0111000 0000001000
1011000 0000001000
0011000 0000001000
1101000 0000001000
0101000 0000001000
1001000 0000001000
0001000 0000001000
1111111 0000000100
0111111 0000000100
1011111 0000000100
0011111 0000000100
1101111 0000000100
0101111 0000000100
1001111 0000000100
0001111 0000000100
1110111 0000000100
0110111 0000000100
1010111 0000000100
0010111 0000000100
1100111 0000000100
0100111 0000000100
1000111 0000000100
0000111 0000000100
1111001 0000000100
0111001 0000000100
1011001 0000000100
0011001 0000000100
1101001 0000000100
0101001 0000000100
1001001 0000000100
0001001 0000000100
1110001 0000000100
0110001 0000000100
1010001 0000000100
0010001 0000000100
1100001 0000000100
0100001 0000000100
1000001 0000000100
0000001 0000000100
1111110 0000000100
0111110 0000000100
1011110 0000000100
0011110 0000000100
1101110 0000000100
0101110 0000000100
1001110 0000000100
0001110 0000000100
1110110 0000000100
0110110 0000000100
1010110 0000000100
0010110 0000000100
1100110 0000000100
0100110 0000000100
1000110 0000000100
0000110 0000000100
1111100 0000000100
0111100 0000000100
1011100 0000000100
0011100 0000000100
1101100 0000000100
0101100 0000000100
1001100 0000000100
0001100 0000000100
1110100 0000000100
0110100 0000000100
1010100 0000000100
0010100 0000000100
1100100 0000000100
0100100 0000000100
1000100 0000000100
0000100 0000000100
1111101 0000000010
0111101 0000000010
1011101 0000000010
0011101 0000000010
1101101 0000000010
0101101 0000000010
1001101 0000000010
0001101 0000000010
1110101 0000000010
0110101 0000000010
1010101 0000000010
0010101 0000000010
1100101 0000000010
0100101 0000000010
1000101 0000000010
0000101 0000000010
1111001 0000000010
0111001 0000000010
1011001 0000000010
0011001 0000000010
1101001 0000000010
0101001 0000000010
1001001 0000000010
0001001 0000000010
1110001 0000000010
0110001 0000000010
1010001 0000000010
0010001 0000000010
1100001 0000000010
0100001 0000000010
1000001 0000000010
0000001 0000000010
1111110 0000000010
0111110 0000000010
1011110 0000000010
0011110 0000000010
1101110 0000000010
0101110 0000000010
1001110 0000000010
0001110 0000000010
1110110 0000000010
0110110 0000000010
1010110 0000000010
0010110 0000000010
1100110 0000000010
0100110 0000000010
1000110 0000000010
0000110 0000000010
1111010 0000000010
0111010 0000000010
1011010 0000000010
0011010 0000000010
1101010 0000000010
0101010 0000000010
1001010 0000000010
0001010 0000000010
1110010 0000000010
0110010 0000000010
1010010 0000000010
0010010 0000000010
1100010 0000000010
0100010 0000000010
1000010 0000000010
0000010 0000000010
1111110 0000000001
0111110 0000000001
1011110 0000000001
0011110 0000000001
1101110 0000000001
0101110 0000000001
1001110 0000000001
0001110 0000000001
1110110 0000000001
0110110 0000000001
1010110 0000000001
0010110 0000000001
1100110 0000000001
0100110 0000000001
1000110 0000000001
0000110 0000000001
1111010 0000000001
0111010 0000000001
1011010 0000000001
0011010 0000000001
1101010 0000000001
0101010 0000000001
1001010 0000000001
0001010 0000000001
1110010 0000000001
0110010 0000000001
1010010 0000000001
0010010 0000000001
1100010 0000000001
0100010 0000000001
1000010 0000000001
0000010 0000000001
1111100 0000000001
0111100 0000000001
1011100 0000000001
0011100 0000000001
1101100 0000000001
0101100 0000000001
1001100 0000000001
0001100 0000000001
1110100 0000000001
0110100 0000000001
1010100 0000000001
0010100 0000000001
1100100 0000000001
0100100 0000000001
1000100 0000000001
0000100 0000000001
1111000 0000000001
0111000 0000000001
1011000 0000000001
0011000 0000000001
1101000 0000000001
0101000 0000000001
1001000 0000000001
0001000 0000000001
1110000 0000000001
0110000 0000000001
1010000 0000000001
0010000 0000000001
1100000 0000000001
0100000 0000000001
1000000 0000000001
0000000 0000000001
.e
